
Days              : 0
Hours             : 0
Minutes           : 0
Seconds           : 0
Milliseconds      : 48
Ticks             : 481316
TotalDays         : 5.57078703703704E-07
TotalHours        : 1.33698888888889E-05
TotalMinutes      : 0.000802193333333333
TotalSeconds      : 0.0481316
TotalMilliseconds : 48.1316


